,X0,Y0,X1,Y1
0,1369,809,1387,1344
1,1368,813,1386,1351
2,2656,752,2678,755
3,1507,929,1526,1473
4,2866,773,2902,782
5,657,891,667,898
6,2866,793,2887,797
7,1515,913,1531,1370
8,1925,869,1937,857
9,1519,1309,1525,1489
10,1530,1446,1530,1459
11,1373,879,1385,1111
12,1507,803,1528,1398
13,2934,756,2946,758
14,1382,1298,1387,1452
15,2780,791,2799,794
16,1366,826,1376,1102
17,2100,793,2113,798
18,2238,848,2249,852
19,1519,991,1532,1366
20,372,849,382,848
21,2003,761,2027,770
22,2174,752,2245,762
23,1510,840,1528,1344
24,1505,774,1526,1376
25,2890,774,2915,778
26,1374,856,1384,1055
27,2864,776,2891,780
28,636,901,672,892
29,2142,768,2152,778
30,1386,1008,1388,1055
31,2833,799,2843,801
32,1611,753,1671,752
33,2866,794,2884,801
34,2249,821,2270,833
35,2900,790,2929,795
36,616,957,626,955
37,2187,763,2222,768
38,2236,772,2282,780
39,2869,793,2897,797
40,2221,820,2232,819
41,1010,865,1023,865
42,1381,1310,1386,1457
43,1999,761,2028,772
44,256,1036,268,1034
45,1249,844,1260,844
46,2781,790,2798,790
47,2970,747,2986,747
48,247,924,258,923
49,1379,887,1380,909
50,2585,1458,2599,1455
51,182,1221,192,1223
52,2083,743,2100,746
53,730,880,747,877
54,810,891,833,889
55,1435,1482,1476,1459
56,2187,767,2238,763
57,1511,1116,1517,1312
58,2834,813,2844,813
59,2486,807,2499,809
60,2017,746,2037,766
61,1479,1469,1515,1474
62,1366,1454,1385,1458
63,2944,851,2979,816
64,1370,1429,1388,1438
65,2887,826,2908,837
66,908,1064,920,1049
67,2284,748,2300,748
68,2879,784,2913,791
69,2897,812,2909,812
70,1389,1329,1389,1115
71,2191,748,2229,742
72,1470,840,1491,836
73,2301,798,2314,797
74,2226,798,2242,801
75,2247,817,2270,830
76,1302,931,1318,917
77,2425,1385,2437,1401
78,2244,778,2264,778
79,1510,1116,1510,1144
80,1825,762,1839,769
81,1373,892,1389,1343
82,1365,844,1378,843
83,2954,743,2977,746
84,1321,1411,1326,1466
85,2183,770,2246,765
86,1503,792,1523,1375
87,882,891,898,888
88,394,1461,406,1453
89,2969,749,2996,749
90,1989,764,1999,769
91,1726,759,1741,756
92,2422,803,2434,805
93,1514,1417,1533,1406
94,1522,1032,1533,1347
95,1398,1471,1513,1475
96,863,885,873,884
97,2198,764,2245,761
98,1363,742,1373,741
99,2654,752,2680,757
100,1290,1306,1302,1422
101,1024,875,1038,874
102,2887,825,2909,833
103,2660,745,2676,749
104,1515,1425,1533,1415
105,2981,802,2997,805
106,1194,872,1206,869
107,2782,795,2798,797
108,1698,750,1739,750
109,1369,778,1378,768
110,1366,788,1377,788
111,1921,747,1944,749
112,1514,1416,1532,1405
113,643,896,669,890
114,2762,770,2772,769
115,2714,753,2726,758
116,1325,865,1344,862
117,2105,797,2112,810
118,2214,760,2228,760
119,1829,765,1840,764
120,2210,748,2220,747
121,2917,835,2929,835
122,2956,742,2975,741
123,1498,845,1508,839
124,1306,1464,1306,1453
125,1512,1236,1532,1217
126,5,935,18,935
127,794,873,808,872
128,1042,810,1052,809
129,1439,838,1457,837
130,2442,787,2461,787
131,1372,804,1379,792
132,2159,756,2194,753
133,1361,828,1381,822
134,2416,799,2431,799
135,1301,834,1324,834
136,725,888,747,878
137,2141,774,2175,772
138,1413,1469,1513,1474
139,1916,751,1928,751
140,904,815,921,815
141,365,923,381,919
142,2949,839,2972,840
143,2796,989,2811,992
144,2654,746,2673,746
145,2237,775,2248,775
146,1362,739,1372,737
147,1362,735,1373,733
148,810,892,833,891
149,1382,1271,1399,1261
150,2249,774,2278,773
151,2194,861,2215,861
152,2235,770,2250,769
153,2924,757,2944,759
154,2947,841,2966,841
155,1513,1243,1531,1225
156,316,853,328,852
157,2171,756,2192,755
158,1512,1221,1530,1203
159,1019,813,1030,813
160,824,867,834,866
161,866,890,890,889
162,2954,763,2995,759
163,1351,933,1358,918
164,2208,764,2246,766
165,2215,856,2241,856
166,2117,746,2143,746
167,1099,962,1118,948
168,2310,795,2330,795
169,1369,774,1377,761
170,1629,809,1641,808
171,2630,749,2654,757
172,2910,841,2921,846
173,1329,927,1342,916
174,1393,806,1415,806
175,2172,755,2185,754
176,1373,1034,1390,1029
177,221,865,231,864
178,1423,836,1483,834
179,622,945,647,943
180,813,888,833,887
181,314,1265,326,1261
182,2025,773,2031,745
183,1358,920,1378,912
184,2148,775,2170,776
185,2554,789,2569,789
186,628,902,671,892
187,404,1485,416,1486
188,2327,746,2343,737
189,102,944,131,942
190,1976,768,2021,764
191,1787,762,1803,761
192,2453,801,2465,801
193,1377,1421,1380,1468
194,2210,756,2237,755
195,2723,1050,2741,1044
196,2245,814,2264,825
197,2444,786,2461,785
198,1204,1177,1210,1190
199,1359,932,1380,930
200,2235,771,2259,771
201,2717,1423,2730,1419
202,2139,745,2163,741
203,1607,804,1626,804
204,2955,745,2977,744
205,2009,841,2022,841
206,2324,761,2335,762
207,2409,769,2422,766
208,1379,1391,1384,1459
209,1318,870,1318,856
210,1347,943,1387,964
211,2933,804,2943,805
212,1968,761,1980,760
213,364,856,375,856
214,2291,785,2309,785
215,396,1162,417,1155
216,1361,829,1379,829
217,1947,771,1958,770
218,1374,1077,1387,1068
219,1834,784,1849,783
220,2968,828,2984,828
221,2959,834,2973,839
222,1976,774,1989,775
223,2105,796,2126,796
224,1,934,18,933
225,2485,819,2508,818
226,2880,788,2903,788
227,26,1073,40,1075
228,2102,781,2120,781
229,2845,817,2866,818
230,2899,834,2911,829
231,144,936,157,934
232,2274,777,2287,775
233,2304,793,2328,792
234,2968,821,2986,820
235,1383,1153,1388,1186
236,2651,819,2663,819
237,1516,1249,1531,1240
238,2606,1450,2630,1443
239,2218,753,2232,751
240,1019,823,1029,823
241,2291,809,2305,810
242,329,1263,340,1257
243,1645,750,1655,748
244,1465,1476,1476,1470
245,1383,1309,1387,1370
246,2904,792,2928,795
247,2017,833,2029,833
248,2873,802,2883,802
249,2843,809,2855,809
250,2841,1409,2855,1406
251,1901,1382,1912,1378
252,1412,838,1457,836
253,1919,852,1933,838
254,1916,750,1944,747
255,1506,1009,1521,1024
256,2291,781,2302,781
257,2841,821,2863,820
258,726,887,748,876
259,1267,868,1278,857
260,2451,807,2467,806
261,407,1169,419,1156
262,94,1444,108,1446
263,573,1386,590,1389
264,2595,794,2608,794
265,2040,778,2053,776
266,1365,888,1387,880
267,1295,1170,1307,1165
268,2717,1421,2729,1418
269,2091,777,2101,776
270,2138,758,2140,747
271,2919,840,2936,842
272,2170,760,2175,770
273,1835,785,1850,786
274,2000,747,2045,750
275,1322,837,1332,818
276,1356,1476,1385,1466
277,2146,855,2172,853
278,2830,788,2849,786
279,1367,787,1377,786
280,1835,786,1850,789
281,1301,1086,1312,1077
282,265,1090,276,1087
283,2104,797,2126,797
284,2102,788,2116,786
285,1398,1472,1454,1476
286,2290,786,2326,789
287,3,937,17,936
288,2616,1436,2627,1452
289,2609,752,2627,749
290,1165,900,1184,898
291,963,1424,975,1426
292,2452,1303,2463,1299
293,1502,1473,1504,1487
294,1307,906,1320,905
295,1369,971,1382,979
296,2274,839,2285,838
297,2212,761,2230,761
298,1275,1344,1297,1351
299,221,1432,233,1420
300,2927,742,2945,741
301,2880,787,2901,786
302,2326,801,2341,801
303,2881,792,2902,796
304,301,859,307,876
305,1966,750,1991,748
306,1372,1465,1374,1481
307,2960,836,2970,839
308,2820,800,2836,800
309,1365,887,1382,873
310,1517,1422,1533,1413
311,157,1407,169,1401
312,2184,758,2203,758
313,1982,859,1983,846
314,1921,861,1931,860
315,2956,747,2980,745
316,1464,838,1492,837
317,2962,763,2982,761
318,1364,876,1378,890
319,2928,821,2941,820
320,1359,940,1382,938
321,1300,905,1320,900
322,1430,1465,1444,1463
323,1953,861,1964,860
324,1986,773,1998,763
325,1360,956,1387,951
326,83,1445,106,1447
327,2185,766,2198,774
328,1050,820,1060,820
329,731,833,748,833
330,1833,782,1849,781
331,1301,1433,1334,1456
332,2558,794,2569,794
333,228,1096,241,1094
334,1315,852,1332,842
335,2031,812,2050,809
336,1502,853,1513,853
337,1271,1306,1293,1403
338,2420,1280,2430,1291
339,1658,752,1672,754
340,1368,974,1379,969
341,2295,742,2317,741
342,1363,891,1386,884
343,2266,843,2288,842
344,1300,995,1315,993
345,1511,1464,1525,1472
346,1307,1394,1322,1452
347,1366,838,1379,814
348,247,925,259,924
349,854,895,874,894
350,1350,938,1380,934
351,1361,868,1372,859
352,1364,743,1379,743
353,127,989,141,994
354,1426,1475,1446,1469
355,2959,743,2976,742
356,2193,841,2213,839
357,1271,1319,1299,1295
358,1787,761,1803,760
359,1364,883,1388,882
360,2412,1288,2422,1298
361,1366,745,1379,745
362,1828,765,1838,763
363,2158,853,2185,860
364,819,836,823,854
365,1487,841,1508,840
366,220,1427,230,1419
367,1358,921,1383,918
368,2693,905,2707,908
369,726,891,737,877
370,2325,800,2340,800
371,2399,789,2411,788
372,2897,809,2909,810
373,2832,803,2843,802
374,2221,801,2238,799
375,817,846,827,846
376,1517,1429,1537,1428
377,257,1034,267,1033
378,247,885,264,883
379,2861,777,2882,776
380,2451,1299,2464,1295
381,1390,1486,1421,1470
382,2162,745,2185,744
383,2031,810,2050,808
384,156,1405,167,1399
385,814,898,833,897
386,2347,979,2351,989
387,1363,892,1380,891
388,1169,898,1183,896
389,1359,931,1369,930
390,1500,897,1513,893
391,1974,765,2010,764
392,2078,759,2089,758
393,1363,911,1379,908
394,2754,756,2765,755
395,2154,775,2174,773
396,836,833,850,831
397,1917,865,1930,863
398,824,868,835,867
399,1275,1333,1287,1403
400,1991,763,2018,762
401,251,891,264,890
402,2583,1456,2595,1455
403,1291,1307,1296,1339
404,2318,823,2329,823
405,908,816,921,816
406,974,1133,975,1143
407,1333,920,1343,919
408,1087,956,1099,955
409,1954,862,1964,862
410,618,960,641,958
411,1503,1473,1527,1469
412,2715,1050,2727,1038
413,34,1193,46,1189
414,2124,757,2143,773
415,1326,854,1337,854
416,868,881,883,898
417,616,959,629,957
418,2901,790,2914,790
419,1367,767,1375,755
420,1325,852,1336,851
421,2968,867,2988,869
422,2844,807,2862,807
423,2616,757,2641,743
424,1975,1415,1985,1416
425,2828,1489,2839,1489
426,2202,844,2213,836
427,1286,935,1288,947
428,1370,818,1380,818
429,1505,981,1516,973
430,2956,842,2974,833
431,807,823,829,819
432,1472,841,1493,837
433,673,1016,693,1014
434,869,918,881,918
435,1379,1158,1394,1165
436,83,1450,110,1442
437,395,1159,414,1155
438,2055,766,2074,746
439,173,981,185,978
440,2196,748,2230,745
441,2751,749,2765,747
442,2597,1296,2610,1291
443,1361,1473,1384,1471
444,2549,1440,2563,1438
445,1358,941,1379,939
446,1202,1360,1224,1361
447,2551,1276,2564,1274
448,2608,928,2616,917
449,2229,851,2234,862
450,117,1281,133,1282
451,2413,1284,2430,1300
452,1363,1471,1383,1464
453,2844,818,2866,819
454,2238,864,2252,860
455,1430,1469,1476,1477
456,2210,833,2215,845
457,883,1052,904,1059
458,2333,803,2346,802
459,1291,1368,1309,1369
460,2213,745,2231,744
461,2916,830,2939,819
462,2441,783,2451,785
463,1912,1392,1921,1382
464,2069,745,2106,744
465,1364,894,1382,887
466,1285,1489,1304,1486
467,160,1156,171,1154
468,178,1222,193,1224
469,1505,938,1516,936
470,413,961,423,960
471,1323,824,1333,823
472,2140,773,2151,773
473,349,831,362,821
474,1286,1388,1309,1367
475,2605,1445,2616,1472
476,2870,1347,2888,1344
477,2641,749,2662,755
478,1322,826,1332,825
479,2072,770,2083,768
480,1273,1479,1298,1475
481,1333,922,1348,920
482,2325,738,2341,739
483,2197,855,2208,866
484,1518,1428,1531,1424
485,2208,859,2224,858
486,2186,771,2204,771
487,1194,871,1226,870
488,258,1397,268,1398
489,725,889,740,884
490,2634,1361,2641,1373
491,1331,889,1331,905
492,1297,1410,1325,1416
493,1971,853,1982,851
494,1277,1357,1293,1344
495,2979,806,2998,806
496,517,1380,530,1385
497,2743,1325,2757,1323
498,1512,1235,1531,1216
499,1351,1482,1366,1477
500,2215,759,2235,758
501,1218,888,1228,878
502,1498,1477,1512,1476
503,2412,1295,2429,1292
504,2105,803,2128,803
505,1288,1303,1298,1395
506,250,916,260,915
507,2779,772,2792,772
508,1512,1240,1531,1226
509,2723,1054,2741,1047
510,2712,1460,2724,1459
511,1378,1358,1385,1459
512,2192,760,2203,759
513,845,1485,859,1487
514,2613,754,2641,753
515,2242,777,2279,776
516,1361,827,1380,821
517,2412,801,2424,800
518,1976,769,1987,770
519,1374,1066,1390,1073
520,833,1038,848,1036
521,2869,1431,2885,1430
522,2779,799,2797,798
523,1361,830,1378,830
524,2147,857,2188,857
525,2324,799,2337,798
526,2323,798,2335,797
527,825,825,835,825
528,1286,1478,1299,1476
529,1284,1487,1303,1488
530,2618,753,2635,751
531,888,1064,908,1047
532,2959,762,2995,758
533,2767,1364,2777,1363
534,570,1387,584,1392
535,2112,795,2122,793
536,1696,748,1712,753
537,132,1396,142,1390
538,824,837,847,830
539,2659,745,2669,745
540,1975,814,1986,814
541,1363,878,1382,875
542,1364,850,1376,828
543,1958,749,1992,747
544,1085,955,1111,952
545,2222,854,2232,854
546,249,913,260,912
547,2139,758,2164,753
548,1322,1449,1322,1437
549,2162,746,2185,745
550,2003,866,2029,864
551,1021,812,1031,812
552,1359,923,1383,920
553,1086,960,1101,958
554,226,1440,238,1440
555,254,1031,267,1029
556,1369,775,1375,748
557,1359,926,1380,923
558,2096,829,2107,828
559,1373,1144,1386,1149
560,2554,1262,2559,1275
561,1514,1253,1531,1245
562,1267,867,1281,865
563,1425,834,1456,834
564,1276,1301,1286,1347
565,1468,837,1485,832
566,2917,834,2940,834
567,1914,845,1929,844
568,2127,772,2151,771
569,1945,766,1957,768
570,1366,762,1378,766
571,1956,747,1968,746
572,1466,1476,1477,1470
573,2355,1436,2369,1435
574,1260,865,1280,864
575,2007,751,2099,746
576,1311,908,1318,896
577,2019,755,2037,762
578,1364,907,1379,906
579,2601,1384,2612,1377
580,2007,750,2039,746
581,2864,775,2882,774
582,2889,776,2911,773
583,2576,1440,2595,1460
584,1302,1433,1324,1433
585,2308,794,2329,794
586,2234,769,2249,768
587,2198,1433,2212,1421
588,544,1329,561,1333
589,344,1049,355,1048
590,151,928,162,939
591,1376,1120,1390,1127
592,1361,926,1385,927
593,2961,816,2975,830
594,1372,1451,1389,1447
595,87,845,98,858
596,2594,1460,2607,1453
597,962,1429,974,1441
598,1094,960,1108,947
599,2326,1453,2336,1453
600,1475,840,1506,839
601,2132,770,2150,769
602,2472,740,2488,740
603,75,1072,94,1086
604,1292,1371,1307,1372
605,742,1332,748,1322
606,1507,999,1524,987
607,2026,784,2039,784
608,2076,762,2087,760
609,2750,759,2763,757
610,105,944,115,944
611,2236,768,2246,767
612,1363,893,1378,893
613,841,814,851,814
614,846,888,856,888
615,286,926,298,926
616,90,1073,104,1076
617,1393,805,1404,805
618,1877,901,1887,900
619,1921,860,1932,859
620,2224,753,2240,756
621,2974,817,2985,817
622,2483,817,2496,825
623,2026,782,2038,782
624,1517,1164,1525,1376
625,1364,887,1374,884
626,2557,1260,2565,1270
627,901,936,912,935
628,2598,1447,2616,1466
629,2984,891,2998,885
630,587,940,619,937
631,1510,1102,1526,1114
632,2214,857,2242,857
633,1364,915,1379,910
634,1305,1463,1331,1461
635,2496,1367,2508,1366
636,1373,1448,1388,1450
637,1290,1480,1304,1482
638,2916,833,2938,833
639,2810,831,2825,831
640,1298,901,1320,899
641,2718,1460,2735,1459
642,2968,829,2991,829
643,1306,1441,1328,1441
644,2545,1264,2556,1262
645,1370,820,1380,820
646,1518,1395,1530,1383
647,2749,760,2762,759
648,2958,765,2981,763
649,1026,877,1036,869
650,2419,1280,2429,1293
651,1508,1438,1533,1417
652,682,1292,692,1296
653,57,933,58,946
654,1914,846,1930,845
655,2296,811,2307,811
656,2133,771,2151,770
657,827,848,839,847
658,1506,943,1521,941
659,1510,1204,1532,1214
660,385,884,398,884
661,1508,1036,1521,1028
662,1362,870,1376,870
663,963,1426,970,1444
664,2149,846,2170,843
665,2854,778,2874,778
666,1762,964,1776,960
667,385,1300,398,1303
668,1958,748,1972,747
669,2890,783,2901,783
670,22,1071,38,1067
671,2486,808,2498,807
672,2963,753,2974,752
673,2412,1286,2427,1283
674,2226,855,2249,853
675,1928,752,1942,752
676,1359,927,1385,928
677,848,1485,859,1485
678,238,922,256,920
679,1365,828,1381,827
680,2237,772,2256,772
681,2549,1438,2560,1437
682,899,1051,917,1059
683,2414,1296,2428,1294
684,2842,810,2853,810
685,1284,1402,1313,1401
686,1307,1442,1328,1442
687,734,832,747,832
688,1659,749,1671,753
689,799,906,811,905
690,2472,739,2482,738
691,1281,1383,1300,1385
692,1427,1473,1446,1475
693,521,1483,538,1486
694,622,944,646,942
695,1274,1477,1294,1474
696,1615,754,1629,749
697,1377,1099,1391,1090
698,734,880,746,880
699,1500,872,1513,872
700,2265,842,2286,840
701,2231,858,2257,862
702,2892,782,2903,781
703,1511,1115,1525,1103
704,2580,1450,2628,1447
705,59,929,75,926
706,823,852,846,850
707,1916,1416,1927,1415
708,1499,1478,1511,1477
709,849,897,859,897
710,2400,768,2420,765
711,1275,1368,1298,1358
712,637,1015,648,1013
713,2314,742,2343,742
714,1235,889,1250,889
715,370,926,385,924
716,180,877,192,875
717,1205,869,1226,869
718,1366,758,1378,744
719,820,826,836,826
720,2404,804,2414,802
721,1699,1029,1710,1025
722,885,1046,921,1062
723,1367,828,1381,828
724,813,897,833,896
725,1980,746,1990,748
726,621,943,643,942
727,1521,1118,1521,1140
728,2201,760,2205,770
729,2704,1378,2718,1375
730,2303,799,2313,798
731,1357,851,1371,851
732,1094,952,1117,949
733,1360,906,1382,904
734,1915,849,1916,839
735,1365,835,1380,834
736,2611,752,2632,750
737,2724,1345,2738,1358
738,1363,854,1373,854
739,2580,1459,2607,1457
740,1393,804,1404,804
741,486,1432,509,1433
742,886,1044,903,1058
743,1882,881,1892,881
744,2912,852,2928,836
745,1277,1356,1295,1339
746,200,1157,216,1164
747,2866,792,2899,796
748,1502,845,1519,844
749,1515,1292,1534,1284
750,1521,1446,1536,1445
751,900,917,913,917
752,137,952,149,951
753,2238,812,2249,811
754,2897,813,2907,813
755,2983,805,2993,805
756,1302,1445,1329,1445
757,294,1072,304,1070
758,2273,846,2287,846
759,2619,1259,2631,1257
760,1435,831,1445,831
761,1901,1384,1913,1379
762,1364,902,1380,901
763,1516,1430,1527,1432
764,2452,810,2467,809
765,1390,1487,1400,1487
766,2004,770,2028,765
767,1272,872,1282,860
768,1275,1320,1286,1362
769,2159,755,2170,744
770,1371,999,1387,998
771,338,1251,343,1274
772,2104,804,2128,804
773,1380,1182,1391,1175
774,1725,760,1744,758
775,1521,1461,1532,1461
776,1374,1145,1392,1139
777,1335,925,1349,919
778,1365,836,1380,835
779,103,945,117,945
780,1571,1489,1587,1489
781,1292,1082,1307,1089
782,2085,835,2096,834
783,2538,1474,2553,1472
784,1522,1444,1539,1443
785,1455,1464,1475,1465
786,2283,789,2318,789
787,2489,822,2499,821
788,1020,868,1030,868
789,2238,800,2252,809
790,1272,1320,1297,1299
791,1368,750,1391,743
792,1275,1367,1311,1407
793,2833,781,2849,787
794,325,1138,335,1137
795,1295,1415,1322,1429
796,941,816,952,816
797,2437,975,2439,985
798,2927,743,2945,742
799,1178,921,1188,927
800,2305,792,2327,791
801,1291,1369,1307,1374
802,2322,763,2334,762
803,598,942,617,938
804,2633,922,2649,925
805,472,1190,480,1169
806,1822,1391,1834,1386
807,1429,1461,1441,1462
808,1370,826,1382,826
809,1205,1443,1209,1427
810,2400,791,2412,791
811,612,929,628,928
812,1297,1417,1312,1410
813,1518,1384,1531,1385
814,2873,803,2883,803
815,30,1076,40,1074
816,730,834,749,834
817,2212,743,2223,742
818,1365,847,1376,846
819,1362,855,1378,855
820,1363,990,1382,980
821,887,1041,903,1038
822,2830,786,2841,785
823,1364,880,1377,878
824,2028,754,2040,747
825,2899,768,2909,768
826,2121,834,2135,851
827,1369,880,1382,880
828,1841,778,1849,788
829,234,1019,249,1015
830,1359,948,1383,943
831,1512,1137,1527,1147
832,2495,1362,2507,1361
833,834,830,846,830
834,1377,981,1381,970
835,1364,832,1377,832
836,1442,1476,1471,1469
837,88,845,99,858
838,1335,927,1342,915
839,2318,1437,2333,1437
840,1505,1466,1517,1463
841,2026,781,2039,781
842,1701,749,1715,749
843,2342,1036,2354,1037
844,1369,968,1386,966
845,122,887,136,887
846,1389,768,1395,757
847,1303,1456,1332,1449
848,2149,856,2173,854
849,1366,760,1380,752
850,817,902,831,899
851,821,822,832,822
852,2901,844,2921,845
853,2174,757,2196,756
854,2751,751,2761,750
855,1916,848,1931,839
856,2486,820,2500,820
857,2450,1296,2456,1306
858,1095,949,1111,947
859,2985,794,2997,794
860,2195,839,2207,839
861,1361,867,1372,867
862,1958,785,1972,796
863,305,1048,315,1058
864,441,1461,452,1461
865,1612,749,1626,751
866,1301,925,1318,923
867,2880,793,2890,793
868,251,889,264,884
869,2975,811,2993,825
870,318,843,323,854
871,1540,1381,1542,1367
872,295,860,305,860
873,889,1058,911,1040
874,2315,761,2331,760
875,2316,781,2326,781
876,2967,827,2984,827
877,814,899,832,899
878,2296,740,2317,739
879,2291,782,2304,782
880,2138,751,2148,750
881,1881,880,1891,879
882,1351,934,1381,930
883,2634,1360,2646,1358
884,1932,1259,1942,1254
885,1330,869,1340,868
886,2313,821,2325,820
887,1794,764,1806,763
888,2609,1402,2623,1393
889,1286,1399,1297,1399
890,1378,1393,1380,1462
891,114,1277,133,1283
892,2296,753,2308,754
893,1970,850,1980,848
894,1762,749,1773,751
895,2969,866,2998,880
896,1511,1221,1530,1222
897,830,1029,844,1028
898,1508,1076,1521,1072
899,2944,1489,2957,1489
900,1518,1425,1529,1424
901,2578,987,2590,991
902,1517,1458,1532,1460
903,2595,1303,2606,1301
904,1378,1421,1388,1421
905,2106,795,2124,794
906,1515,1293,1534,1285
907,91,848,101,858
908,1307,1443,1328,1443
909,885,1047,905,1040
910,2120,766,2138,748
911,27,1076,39,1073
912,1376,1087,1392,1076
913,616,969,620,955
914,252,887,270,886
915,1329,893,1347,891
916,585,937,595,936
917,1468,1477,1482,1469
918,312,834,317,850
919,1519,1337,1536,1336
920,1516,1331,1534,1321
921,2677,1420,2678,1433
922,242,904,252,904
923,2541,1483,2554,1483
924,2597,1297,2613,1292
925,1370,994,1388,993
926,1517,1409,1533,1408
927,1380,1195,1390,1187
928,2614,746,2635,741
929,2950,1349,2960,1348
930,387,1296,401,1299
931,2303,792,2323,790
932,1376,1433,1389,1433
933,2858,1421,2872,1435
934,1510,1094,1523,1090
935,2454,800,2464,800
936,1508,1072,1524,1068
937,395,1463,401,1453
938,225,1439,238,1439
939,115,925,126,923
940,2305,740,2340,741
941,2139,852,2150,851
942,2846,816,2868,814
943,1353,931,1376,928
944,866,889,881,887
945,1341,916,1342,934
946,2129,764,2141,768
947,1373,1053,1389,1043
948,1376,1434,1389,1435
949,2241,800,2258,825
950,2947,840,2971,839
951,87,1083,99,1073
952,2236,774,2265,772
953,65,916,77,913
954,1049,822,1062,822
955,2279,791,2292,790
956,2657,795,2657,805
957,2480,816,2501,805
958,2860,774,2881,773
959,1489,1470,1499,1470
960,1364,882,1388,881
961,1277,1363,1304,1364
962,1378,1416,1388,1415
963,212,1047,230,1057
964,1512,1121,1527,1124
965,652,895,670,896
966,1273,1475,1287,1473
967,2873,798,2884,798
968,1513,1433,1537,1429
969,1515,947,1515,968
970,1320,818,1333,818
971,2102,783,2115,783
972,850,901,860,900
973,1376,1121,1388,1128
974,1304,1459,1328,1466
975,2755,1390,2768,1394
976,1495,828,1506,827
977,2143,853,2153,852
978,308,1269,321,1272
979,2868,796,2878,795
980,1373,1127,1392,1135
981,1972,758,1988,776
982,809,849,827,845
983,394,1460,406,1451
984,1297,1412,1327,1420
985,1374,1126,1391,1120
986,2195,1431,2206,1429
987,2310,796,2338,799
988,1351,935,1371,937
989,2194,837,2204,844
990,2595,1302,2605,1300
991,1271,863,1281,863
992,1378,1236,1391,1240
993,2648,1473,2662,1472
994,888,1065,904,1055
995,1435,1463,1436,1473
996,1439,839,1452,839
997,1503,1463,1532,1470
998,1369,982,1383,975
999,2197,865,2211,864
1000,1327,853,1332,836
1001,1429,832,1447,832
1002,2792,991,2808,997
1003,1509,1082,1524,1077
1004,1573,1488,1586,1488
1005,2930,1344,2940,1343
1006,2030,808,2043,806
1007,2578,1458,2600,1459
1008,2938,794,2949,793
1009,2411,1293,2429,1289
1010,2047,746,2065,751
1011,1520,1404,1533,1405
1012,1533,1319,1533,1339
1013,1310,973,1311,983
1014,2411,1298,2427,1295
1015,1203,836,1213,835
1016,1515,1427,1530,1426
1017,2820,804,2847,804
1018,1508,1067,1524,1073
1019,1375,1093,1385,1086
1020,2173,760,2194,774
1021,2194,746,2206,745
1022,1086,958,1099,956
1023,2447,943,2462,942
1024,1377,1095,1395,1090
1025,1276,1349,1299,1332
1026,1303,1457,1317,1456
1027,2902,1233,2915,1231
1028,1367,962,1381,960
1029,1887,1404,1927,1380
1030,1342,947,1354,946
1031,2779,1418,2790,1417
1032,1906,846,1918,850
1033,1369,973,1381,980
1034,1371,1465,1382,1464
1035,1919,1414,1937,1414
1036,335,1166,349,1164
1037,1504,928,1516,926
1038,1499,825,1509,829
1039,1749,760,1772,760
1040,17,892,28,885
1041,1509,1079,1524,1076
1042,107,940,125,939
1043,1364,849,1378,842
1044,153,1399,174,1404
1045,2312,819,2326,818
1046,1370,821,1381,821
1047,1203,1188,1204,1178
1048,541,1334,551,1344
1049,1276,1359,1298,1360
1050,1364,831,1377,831
1051,2211,755,2228,756
1052,287,1083,298,1083
1053,127,944,137,954
1054,1510,1095,1525,1104
1055,1507,1050,1525,1055
1056,1502,848,1519,845
1057,87,853,99,854
1058,2237,858,2247,858
1059,1504,929,1514,928
1060,1360,949,1382,945
1061,1375,1060,1391,1056
1062,2161,747,2178,746
1063,519,1312,529,1314
1064,1380,1184,1393,1167
1065,1503,989,1517,995
1066,2454,802,2465,802
1067,2780,792,2800,791
1068,337,1262,347,1256
1069,1275,1319,1294,1313
1070,2428,803,2441,802
1071,1365,935,1375,932
1072,1287,937,1293,927
1073,2283,788,2305,786
1074,2774,777,2789,775
1075,2969,819,2986,819
1076,633,970,640,955
1077,1301,1436,1325,1438
1078,1517,1423,1532,1423
1079,1373,1049,1390,1045
1080,1506,973,1516,972
1081,1539,1113,1550,1113
1082,1490,842,1508,843
1083,2742,1331,2754,1329
1084,678,1016,693,1015
1085,1508,1077,1524,1072
1086,668,872,678,872
1087,1669,760,1679,759
1088,1887,1405,1897,1404
1089,2675,1267,2689,1265
1090,2778,800,2796,799
1091,1275,1478,1294,1475
1092,1364,943,1384,941
1093,1276,1322,1296,1328
1094,2187,768,2217,769
1095,1274,1346,1299,1327
1096,1353,930,1369,928
1097,1378,1418,1388,1418
1098,1357,1476,1383,1473
1099,1311,1425,1325,1425
1100,1397,1478,1426,1469
1101,1379,1233,1392,1225
1102,2192,842,2209,840
1103,1377,1151,1388,1153
1104,1993,769,2028,764
1105,1300,929,1310,928
1106,149,1032,161,1043
1107,1334,918,1344,903
1108,1312,1463,1325,1463
1109,1309,1467,1328,1465
1110,1096,953,1107,946
1111,55,1059,66,1056
1112,1467,839,1491,838
1113,726,897,737,896
1114,1915,841,1929,841
1115,1518,1396,1533,1401
1116,2331,743,2343,743
1117,58,928,73,924
1118,1312,1422,1327,1419
1119,922,947,936,938
1120,1368,961,1382,959
1121,1944,790,1956,790
1122,1368,795,1379,794
1123,1496,814,1507,814
1124,2873,804,2883,804
1125,523,1300,534,1302
1126,2716,1045,2739,1038
1127,2199,748,2209,748
1128,809,845,827,844
1129,618,931,630,930
1130,2947,767,2957,767
1131,1366,763,1378,763
1132,891,1059,908,1048
1133,1360,961,1381,958
1134,712,876,725,876
1135,21,1064,34,1063
1136,854,896,873,896
1137,2597,1294,2608,1291
1138,2317,796,2331,796
1139,2117,1432,2130,1433
1140,2981,801,2992,801
1141,434,1045,444,1044
1142,429,1290,443,1291
1143,2828,834,2839,834
1144,1287,1397,1300,1389
1145,40,1060,52,1072
1146,1372,1452,1385,1452
1147,2252,779,2264,779
1148,273,1084,297,1081
1149,2496,1366,2508,1365
1150,2629,743,2640,742
1151,2659,748,2676,747
1152,1367,786,1378,785
1153,1307,1464,1319,1464
1154,735,835,749,835
1155,516,1381,529,1383
1156,600,860,612,859
1157,1053,1005,1053,1015
1158,1286,1389,1302,1382
1159,1909,1388,1919,1388
1160,1376,1436,1388,1440
1161,1384,1186,1394,1191
1162,91,1437,107,1436
1163,580,1325,601,1326
1164,2196,864,2210,864
1165,1371,1466,1372,1481
1166,1411,1476,1428,1471
1167,1507,1049,1520,1050
1168,1286,1489,1299,1489
1169,295,870,310,870
1170,1301,1404,1313,1404
1171,2411,1289,2425,1283
1172,320,1068,337,1067
1173,1539,1110,1551,1110
1174,1511,1202,1530,1205
1175,1369,983,1382,981
1176,2980,792,2993,791
1177,1511,1200,1534,1204
1178,1640,752,1650,751
1179,1514,1473,1527,1470
1180,1304,1461,1314,1461
1181,554,1328,565,1331
1182,2593,1448,2608,1442
1183,123,885,138,888
1184,2824,814,2843,814
1185,148,936,160,936
1186,2822,815,2842,815
1187,395,1157,405,1151
1188,306,922,316,921
1189,726,895,732,879
1190,1887,750,1897,749
1191,93,1450,103,1451
1192,2744,1323,2757,1322
1193,1371,993,1383,991
1194,2777,1417,2787,1417
1195,1361,945,1373,946
1196,2412,1293,2425,1291
1197,1285,948,1296,947
1198,2832,835,2835,850
1199,1378,1345,1382,1379
1200,93,1448,105,1448
1201,1369,772,1379,771
1202,2831,784,2844,783
1203,294,871,307,862
1204,2151,775,2162,774
1205,605,1162,610,1150
1206,2135,748,2148,749
1207,1298,1408,1311,1408
1208,1878,752,1899,750
1209,993,1238,1003,1228
1210,1511,1101,1523,1091
1211,348,830,373,830
1212,1839,780,1849,780
1213,1510,1091,1523,1087
1214,1301,1432,1327,1422
1215,2104,786,2114,785
1216,1673,970,1684,969
1217,569,1392,581,1392
1218,2894,1213,2905,1234
1219,2282,1265,2288,1275
1220,778,1237,788,1233
1221,1375,1057,1393,1051
1222,1304,1432,1321,1429
1223,2401,803,2413,802
1224,246,883,263,882
1225,1881,879,1891,877
1226,2984,898,2994,892
1227,1341,949,1371,945
1228,1372,734,1377,787
1229,742,1415,754,1415
1230,1376,1074,1391,1071
1231,1508,1064,1522,1068
1232,933,828,944,827
1233,2013,816,2016,799
1234,1375,1453,1385,1453
1235,184,883,194,883
1236,2917,836,2929,836
1237,1302,1401,1312,1400
1238,1277,1362,1293,1367
1239,1301,1434,1324,1434
1240,1377,1112,1388,1117
1241,2402,768,2419,766
1242,1378,1162,1393,1164
1243,1358,950,1382,946
1244,2452,1301,2464,1296
1245,2873,1442,2885,1442
1246,2948,1346,2960,1345
1247,903,938,914,930
1248,2754,755,2766,754
1249,1906,1014,1912,995
1250,84,1449,96,1445
1251,570,1400,580,1386
1252,2966,744,2977,743
1253,2936,850,2948,850
1254,2783,795,2796,794
1255,2742,1332,2753,1331
1256,82,1073,105,1074
1257,247,908,259,908
1258,1094,951,1116,948
1259,1365,908,1378,907
1260,2609,1401,2621,1400
1261,33,1365,46,1368
1262,2632,745,2644,744
1263,153,1391,160,1409
1264,2154,846,2165,846
1265,1309,1444,1329,1448
1266,2428,1398,2444,1396
1267,83,1448,100,1437
1268,2617,1443,2630,1442
1269,1510,1109,1527,1111
1270,1281,1382,1300,1388
1271,1216,868,1226,868
1272,1379,1218,1392,1213
1273,987,1233,998,1240
1274,1301,833,1323,833
1275,252,1055,266,1055
1276,1392,1088,1393,1099
1277,2130,769,2141,769
1278,1517,1378,1530,1378
1279,814,821,826,821
1280,2482,741,2493,741
1281,1947,770,1957,769
1282,1374,1024,1386,1024
1283,1511,1112,1525,1100
1284,857,895,874,895
1285,2873,799,2884,799
1286,363,831,373,831
1287,1365,1456,1389,1432
1288,2869,797,2882,797
1289,1514,1419,1533,1409
1290,1299,900,1311,899
1291,1019,867,1029,866
1292,842,888,853,886
1293,1385,1369,1387,1381
1294,613,1136,623,1152
1295,1546,1076,1561,1072
1296,1922,859,1938,857
1297,1376,1116,1388,1118
1298,1303,1430,1327,1421
1299,1278,999,1288,997
1300,1296,1085,1299,1071
1301,65,927,66,908
1302,2298,762,2308,761
1303,1540,1074,1551,1081
1304,2095,1062,2112,1069
1305,1363,898,1375,901
1306,1378,1213,1392,1215
1307,2981,1463,2996,1462
1308,1426,1464,1439,1463
1309,1003,993,1004,1003
1310,1374,1021,1386,1020
1311,654,894,667,892
1312,1381,1228,1390,1239
1313,1368,964,1381,962
1314,2193,754,2203,772
1315,337,1265,339,1251
1316,454,1168,464,1166
1317,993,1239,1003,1229
1318,2411,1299,2427,1296
1319,818,837,831,836
1320,1518,1422,1532,1422
1321,1215,872,1227,871
1322,1513,1151,1527,1146
1323,1299,928,1320,920
1324,1507,921,1519,920
1325,1502,852,1513,852
1326,1922,847,1932,846
1327,289,1366,302,1368
1328,2269,775,2284,775
1329,136,954,151,953
1330,903,1039,905,1057
1331,2900,1230,2910,1229
1332,1374,1014,1388,1003
1333,1276,1476,1290,1474
1334,1061,1122,1061,1110
1335,1493,843,1506,843
1336,2152,754,2163,753
1337,2969,821,2986,821
1338,1818,763,1828,762
1339,2196,1432,2207,1431
1340,656,830,666,830
1341,1374,1085,1395,1064
1342,2178,861,2191,853
1343,75,915,86,913
1344,1508,1035,1521,1035
1345,2487,821,2498,821
1346,2780,775,2790,774
1347,622,1124,635,1124
1348,1506,1016,1524,1012
1349,1370,997,1388,994
1350,1511,1148,1527,1156
1351,246,900,258,930
1352,1511,1196,1527,1198
1353,1757,762,1773,761
1354,389,1460,401,1461
1355,2296,790,2309,786
1356,829,852,839,849
1357,1521,1455,1543,1453
1358,1385,1220,1391,1232
1359,375,1304,387,1307
1360,2149,742,2162,740
1361,1378,1153,1388,1159
1362,58,929,74,924
1363,1361,738,1371,739
1364,643,895,658,890
1365,309,1269,322,1272
1366,367,879,375,889
1367,2796,990,2812,993
1368,963,1421,974,1424
1369,254,1025,264,1023
1370,2948,1345,2960,1344
1371,92,1438,111,1440
1372,1512,1184,1529,1185
1373,2956,838,2971,834
1374,2291,783,2305,783
1375,448,1379,459,1376
1376,1505,1007,1517,1007
1377,1507,1048,1523,1043
1378,1917,839,1933,839
1379,2722,1443,2740,1441
1380,1374,1142,1392,1136
1381,1426,1480,1465,1469
1382,1722,751,1734,751
1383,866,891,885,890
1384,1505,1107,1523,1092
1385,2849,816,2871,815
1386,1285,1397,1314,1397
1387,1310,1430,1320,1429
1388,251,1053,268,1052
1389,2146,854,2156,854
1390,1453,1443,1466,1441
1391,2305,765,2321,765
1392,1375,1140,1393,1133
1393,2585,822,2585,804
1394,324,1064,325,1053
1395,1324,821,1334,821
1396,67,1474,77,1475
1397,1521,1393,1531,1386
1398,1974,764,1985,764
1399,1377,1115,1388,1112
1400,1296,1413,1310,1410
1401,1369,1472,1384,1470
1402,2339,994,2351,990
1403,2550,1418,2560,1417
1404,524,1487,536,1483
1405,1514,1420,1533,1412
1406,1375,1144,1392,1138
1407,1945,781,1952,762
1408,1833,781,1849,782
1409,1358,922,1383,919
1410,2153,786,2163,785
1411,1516,1258,1533,1263
1412,1381,1257,1398,1258
1413,2316,824,2327,824
1414,823,824,833,823
1415,2967,872,2986,869
1416,1520,1365,1532,1355
1417,1305,1424,1324,1420
1418,1447,841,1463,835
1419,1375,1049,1390,1046
1420,2004,771,2030,766
1421,2074,749,2097,747
1422,126,888,137,888
1423,2835,805,2847,805
1424,2248,822,2258,821
1425,2409,764,2421,763
1426,812,896,822,885
1427,2742,1329,2754,1328
1428,1044,932,1046,919
1429,249,914,260,913
1430,1379,1086,1395,1089
1431,2176,861,2187,858
1432,223,1435,242,1430
1433,2495,1361,2505,1360
1434,2495,1365,2507,1364
1435,1375,1054,1390,1048
1436,1284,1476,1307,1482
1437,2904,843,2922,843
1438,1374,1087,1391,1070
1439,2599,1365,2610,1365
1440,1365,915,1376,912
1441,1369,970,1381,963
1442,555,1367,565,1369
1443,2012,761,2028,773
1444,2497,817,2509,816
1445,1372,1458,1383,1457
1446,2164,1283,2179,1287
1447,2411,1288,2427,1285
1448,2790,997,2805,999
1449,1359,954,1372,953
1450,1299,1406,1311,1406
1451,2193,862,2213,862
1452,1506,934,1516,933
1453,1524,1308,1534,1310
1454,1944,781,1951,762
1455,1923,746,1937,745
1456,1372,1030,1393,1024
1457,2634,1367,2648,1366
1458,1882,883,1892,882
1459,1279,1362,1298,1362
1460,32,1047,44,1046
1461,1885,1407,1899,1402
1462,1506,942,1521,939
1463,2488,819,2498,819
1464,2067,755,2072,744
1465,1629,810,1641,809
1466,497,1436,509,1436
1467,1377,1102,1392,1098
1468,1374,1067,1391,1055
1469,1507,1023,1521,1023
1470,2894,831,2909,831
1471,1307,1465,1327,1465
1472,317,1202,329,1195
1473,1508,1055,1522,1059
1474,1506,972,1516,970
1475,1287,1398,1311,1398
1476,2721,1341,2731,1349
1477,1381,1392,1387,1405
1478,2419,1402,2429,1401
1479,1506,982,1518,982
1480,1305,908,1318,907
1481,1301,1439,1316,1449
1482,962,1426,975,1427
1483,1374,1023,1386,1022
1484,1510,1098,1522,1100
1485,1378,1211,1391,1201
1486,1380,1326,1394,1308
1487,1368,966,1381,964
1488,1502,855,1512,854
1489,2453,811,2465,811
1490,2987,1468,2998,1467
1491,2904,851,2916,849
1492,1277,1340,1295,1340
1493,2211,766,2241,767
1494,1369,966,1387,965
1495,1359,951,1372,952
1496,2574,995,2588,994
1497,1496,1472,1512,1469
1498,2957,766,2969,766
1499,41,913,52,912
1500,1276,1342,1295,1346
1501,1508,898,1518,898
1502,2018,1146,2020,1135
1503,2715,1051,2741,1043
1504,1303,1421,1318,1420
1505,610,928,620,928
1506,1512,1233,1532,1237
1507,1382,1277,1392,1274
1508,387,1452,406,1452
1509,212,1222,223,1224
1510,812,886,832,886
1511,664,895,677,894
1512,1769,762,1779,763
1513,1511,1156,1525,1153
1514,2340,994,2350,989
1515,1544,1406,1555,1398
1516,1415,842,1438,836
1517,1213,867,1225,867
1518,2475,739,2489,739
1519,1359,920,1376,917
1520,2110,807,2122,806
1521,2003,865,2013,864
1522,1290,1364,1306,1365
1523,2829,789,2841,788
1524,1386,1250,1388,1268
1525,1204,1362,1221,1362
1526,1512,1133,1527,1137
1527,2714,1049,2731,1037
1528,2630,743,2643,743
1529,1507,1026,1521,1027
1530,2153,778,2163,777
1531,1397,1477,1411,1465
1532,1522,1458,1536,1456
1533,1277,1374,1305,1375
1534,2155,853,2167,853
1535,1042,811,1053,810
1536,1208,1247,1213,1228
1537,1373,989,1383,987
1538,1365,894,1375,894
1539,1373,1464,1383,1463
1540,1381,1253,1397,1255
1541,2194,828,2205,827
1542,1507,1025,1521,1029
1543,1372,1121,1392,1132
1544,2274,840,2286,839
1545,2293,788,2319,787
1546,2632,786,2643,783
1547,2417,782,2433,776
1548,2724,1050,2741,1045
1549,2116,1105,2123,1116
1550,1202,1359,1229,1357
1551,1329,892,1329,841
1552,1371,887,1382,886
1553,2110,787,2124,786
1554,1298,1418,1325,1415
1555,1363,872,1383,871
1556,1098,962,1113,960
1557,1521,1439,1535,1437
1558,315,851,328,851
1559,686,1335,697,1329
1560,1517,1407,1533,1407
1561,885,1055,916,1050
1562,1511,1172,1526,1173
1563,1517,1282,1535,1291
1564,1502,851,1513,851
1565,1278,1378,1299,1385
1566,1509,1061,1522,1060
1567,2633,793,2645,792
1568,1275,1330,1300,1324
1569,1292,1073,1303,1071
1570,335,1258,341,1270
1571,1509,1084,1524,1080
1572,1508,1039,1520,1043
1573,1373,1466,1383,1465
1574,244,903,261,884
1575,1365,901,1380,900
1576,1356,1477,1367,1476
1577,439,1457,451,1459
1578,1271,868,1281,868
1579,2291,784,2309,784
1580,570,1384,587,1387
1581,1001,995,1012,1000
1582,22,1061,32,1061
1583,612,1142,621,1128
1584,1380,1300,1392,1302
1585,1328,892,1348,890
1586,533,1296,543,1298
1587,2249,1049,2260,1042
1588,2598,1270,2604,1281
1589,2486,811,2497,811
1590,1496,1465,1506,1465
1591,1369,766,1371,755
1592,1974,949,1984,947
1593,1293,1085,1312,1084
1594,1369,1001,1380,1001
1595,1284,944,1296,942
1596,1374,1013,1389,1017
1597,1299,1410,1309,1410
1598,1352,925,1366,923
1599,885,1054,917,1049
1600,1514,1462,1532,1462
1601,1390,774,1396,764
1602,780,1235,791,1237
1603,498,1443,507,1426
1604,1277,1322,1296,1317
1605,1515,1278,1534,1283
1606,1376,1068,1392,1066
1607,2676,1264,2688,1262
1608,188,1290,197,1280
1609,1516,1296,1533,1295
1610,2758,1394,2768,1395
1611,1766,961,1776,959
1612,1661,751,1672,756
1613,1350,939,1365,938
1614,1515,1421,1531,1418
1615,1976,770,1988,771
1616,1514,1418,1531,1409
1617,1886,1407,1898,1405
1618,1279,1379,1307,1379
1619,637,1016,648,1015
1620,1364,895,1378,895
1621,74,1070,87,1080
1622,651,893,664,892
1623,1271,1318,1293,1311
1624,2777,1416,2791,1416
1625,1919,1383,1929,1382
1626,1403,1473,1420,1470
1627,2193,843,2209,841
1628,1380,1226,1391,1216
1629,2193,763,2220,762
1630,1511,1174,1529,1177
1631,1377,1238,1391,1239
1632,1379,1301,1397,1296
1633,1373,1037,1386,1037
1634,2831,1096,2842,1094
1635,1535,1059,1550,1055
1636,327,1066,337,1066
1637,58,933,61,950
1638,1376,1072,1386,1068
1639,2129,773,2153,772
1640,2198,863,2212,863
1641,1505,1438,1530,1425
1642,1372,1007,1387,1006
1643,325,1114,336,1110
1644,1508,1070,1524,1065
1645,816,825,834,824
1646,1363,899,1378,897
1647,1302,928,1323,924
1648,462,1194,478,1187
1649,1277,1341,1295,1342
1650,909,1045,921,1063
1651,2885,790,2900,789
1652,1376,1115,1387,1112
1653,673,829,683,829
1654,1507,1046,1520,1049
1655,2303,739,2317,738
1656,1237,1053,1247,1049
1657,2388,1187,2400,1182
1658,1178,927,1179,917
1659,1312,835,1322,835
1660,892,1059,908,1057
1661,95,1449,101,1438
1662,92,1436,108,1438
1663,1373,1445,1386,1445
1664,45,1063,58,1053
1665,519,1249,523,1259
1666,1367,933,1381,937
1667,1378,1163,1390,1165
1668,1614,750,1631,752
1669,1499,896,1514,896
1670,1450,855,1461,855
1671,1377,1063,1392,1062
1672,197,1298,202,1315
1673,250,917,262,930
1674,995,1415,1005,1415
1675,1511,1147,1525,1148
1676,1373,1059,1391,1060
1677,296,869,310,869
1678,1376,1262,1391,1262
1679,620,959,647,956
1680,2844,808,2857,808
1681,1377,1133,1393,1134
1682,2327,740,2342,741
1683,818,836,829,835
1684,1301,1435,1323,1437
1685,313,1198,325,1203
1686,2273,747,2283,746
1687,895,1044,905,1042
1688,1240,1119,1245,1102
1689,2582,1447,2608,1444
1690,1506,986,1524,984
1691,1829,1383,1839,1387
1692,1307,904,1321,903
1693,179,975,190,974
1694,2584,1310,2594,1308
1695,2241,776,2265,775
1696,1302,1444,1328,1444
1697,1505,939,1516,937
1698,2895,1211,2905,1209
1699,2841,820,2855,819
1700,1378,1420,1389,1431
1701,1194,873,1208,872
1702,93,1441,108,1442
1703,1277,1360,1283,1385
1704,1517,1380,1531,1379
1705,1312,1309,1322,1310
1706,2137,757,2164,752
1707,1517,1386,1530,1387
1708,248,912,259,909
1709,2881,1432,2896,1431
1710,815,901,832,901
1711,1381,1227,1392,1227
1712,1376,1113,1386,1110
1713,36,1185,38,1201
1714,1493,839,1508,837
1715,32,961,49,950
1716,154,1331,176,1324
1717,1522,1317,1534,1319
1718,1512,1067,1524,1062
1719,1364,869,1375,868
1720,1308,897,1319,897
1721,2731,1050,2742,1041
1722,1886,968,1888,956
1723,1366,959,1380,957
1724,2637,924,2654,923
1725,2008,1140,2018,1140
1726,1277,1352,1298,1352
1727,816,842,828,842
1728,2161,744,2173,743
1729,58,1371,60,1384
1730,1375,1439,1378,1480
1731,1301,1403,1313,1403
1732,1377,1150,1387,1148
1733,2918,839,2932,839
1734,1517,1281,1535,1290
1735,1284,1396,1297,1393
1736,1377,948,1387,949
1737,1510,1078,1524,1075
1738,1307,1456,1317,1457
1739,1377,1149,1388,1145
1740,608,1145,618,1139
1741,1550,1064,1562,1062
1742,1507,1045,1520,1045
1743,107,941,118,941
1744,1511,1107,1525,1095
1745,1380,1187,1394,1193
1746,2337,982,2352,982
1747,1505,974,1518,973
1748,1515,1269,1533,1262
1749,1506,995,1516,995
1750,1313,836,1324,836
1751,1700,1029,1710,1026
1752,238,1015,248,1014
1753,1381,1218,1394,1219
1754,1375,1247,1390,1243
1755,837,853,852,852
1756,2450,941,2462,941
1757,2337,990,2350,991
1758,1269,1315,1298,1324
1759,1297,1409,1310,1409
1760,2767,1365,2778,1364
1761,1507,1009,1517,1009
1762,220,1430,232,1432
1763,1382,1276,1395,1300
1764,1911,817,1921,817
1765,1526,1414,1538,1417
1766,1377,1170,1391,1172
1767,2339,992,2350,988
1768,2780,764,2790,764
1769,2242,864,2253,860
1770,2529,1222,2543,1208
1771,1521,1421,1532,1421
1772,31,1359,52,1362
1773,1276,1372,1304,1374
1774,1314,1424,1326,1421
1775,1296,1414,1324,1413
1776,1380,1066,1392,1063
1777,1507,1018,1519,1016
1778,1368,955,1383,955
1779,2750,996,2751,986
1780,1510,1180,1529,1183
1781,1308,1450,1328,1449
1782,1302,1431,1315,1429
1783,659,890,670,891
1784,1517,1465,1534,1455
1785,318,1261,328,1263
1786,1517,1259,1532,1254
1787,630,892,641,891
1788,1378,1424,1388,1424
1789,2596,1456,2608,1455
1790,1522,1313,1533,1312
1791,1507,1030,1521,1030
1792,831,1037,841,1036
1793,1376,1117,1387,1119
1794,1523,1234,1533,1235
1795,679,1295,692,1292
1796,2523,738,2533,735
1797,367,1136,380,1134
1798,388,1447,400,1449
1799,1375,1094,1385,1091
1800,278,1082,288,1081
1801,1506,997,1517,997
1802,932,994,944,993
1803,1520,1260,1533,1264
1804,1507,918,1520,918
1805,2006,770,2026,766
1806,1149,1093,1159,1095
1807,2501,801,2511,799
1808,1676,972,1687,974
1809,1878,902,1888,902
1810,2725,1043,2741,1049
1811,1095,960,1113,958
1812,1493,1463,1505,1464
1813,1301,1419,1326,1417
1814,1365,904,1379,903
1815,887,1044,904,1038
1816,2936,819,2947,818
1817,1306,765,1316,763
1818,2544,783,2557,781
1819,84,1444,98,1445
1820,1512,1234,1531,1229
1821,1380,1220,1393,1222
1822,1538,1111,1551,1111
1823,2187,762,2200,760
1824,852,907,869,913
1825,2894,1212,2906,1210
1826,971,1429,982,1431
1827,1379,1405,1389,1405
1828,2899,811,2909,811
1829,1538,1112,1551,1112
1830,2115,1110,2125,1111
1831,1517,1265,1533,1260
1832,2412,1290,2429,1288
1833,1299,1446,1316,1446
1834,2295,791,2305,790
1835,736,831,746,831
1836,2951,838,2975,838
1837,2151,858,2165,858
1838,2934,759,2946,757
1839,631,894,642,893
1840,1317,927,1328,926
1841,1378,1212,1388,1209
1842,568,1389,579,1391
1843,1541,1382,1543,1371
1844,2978,1452,2988,1451
1845,1828,1384,1838,1386
1846,1538,1066,1559,1060
1847,2472,738,2482,737
1848,2759,1209,2774,1191
1849,2614,1463,2626,1462
1850,2898,834,2909,834
1851,1398,1473,1409,1475
1852,2110,765,2130,765
1853,1213,866,1224,866
1854,1506,1017,1519,1015
1855,1514,1244,1531,1252
1856,1510,1063,1524,1059
1857,1517,1433,1527,1436
1858,512,1256,524,1258
1859,1363,952,1380,951
1860,1515,1277,1533,1273
1861,1290,1365,1308,1367
1862,1520,1367,1531,1361
1863,1285,1396,1313,1396
1864,1512,1223,1533,1234
1865,1377,1108,1388,1114
1866,1360,942,1384,939
1867,1918,863,1931,862
1868,291,867,307,864
1869,1274,1348,1296,1348
1870,1272,1308,1288,1308
1871,1378,1165,1393,1168
1872,2918,838,2931,838
1873,2726,1041,2738,1037
1874,1464,1464,1476,1463
1875,782,881,792,881
1876,2525,823,2542,823
1877,1376,1118,1391,1121
1878,1506,989,1525,988
1879,1290,1479,1301,1478
1880,2661,1150,2671,1144
1881,1509,1055,1524,1054
1882,2719,1354,2729,1348
1883,2848,825,2859,821
1884,1512,1115,1526,1118
1885,2153,1217,2164,1212
1886,2899,817,2909,813
1887,2400,1378,2413,1366
1888,1518,1361,1530,1367
1889,2576,992,2587,993
1890,1507,1012,1519,1012
1891,908,814,920,814
1892,1364,944,1379,945
1893,1381,1214,1393,1218
1894,140,1448,155,1448
1895,1518,1434,1529,1429
1896,2058,747,2092,745
1897,1512,1187,1529,1181
1898,1278,1330,1294,1330
1899,1285,1386,1300,1386
1900,1375,1470,1385,1468
1901,1277,1358,1298,1359
1902,1376,1140,1388,1140
1903,1376,1030,1391,1035
1904,1298,1165,1309,1166
1905,2467,925,2481,924
1906,608,1137,619,1135
1907,1304,1429,1325,1421
1908,2873,770,2885,770
1909,1374,1016,1385,1017
1910,1515,1300,1534,1308
1911,2311,790,2323,788
1912,850,900,860,899
1913,1373,1040,1387,1038
1914,1505,978,1516,978
1915,1271,1312,1300,1322
1916,2278,749,2300,749
1917,1379,1173,1391,1174
1918,45,1069,55,1068
1919,248,926,267,933
1920,1506,984,1524,983
1921,1362,871,1376,871
1922,1206,1339,1217,1340
1923,1509,1083,1523,1088
1924,1507,1042,1518,1043
1925,1418,1475,1439,1469
1926,1380,1197,1390,1198
1927,1484,1469,1498,1469
1928,1516,1330,1536,1333
1929,1378,1128,1391,1131
1930,2868,1221,2884,1218
1931,1516,1257,1533,1259
1932,252,889,264,889
1933,1375,1103,1387,1105
1934,136,955,151,954
1935,624,970,638,971
1936,1378,1204,1390,1199
1937,1906,989,1916,985
1938,2549,1439,2560,1438
1939,1511,1175,1529,1179
1940,1516,1289,1534,1291
1941,1314,830,1329,828
1942,1506,941,1522,938
1943,2009,867,2020,866
1944,2709,1252,2722,1250
1945,637,945,647,944
1946,1379,1177,1390,1173
1947,1512,1134,1527,1128
1948,1365,841,1378,841
1949,1974,1400,1984,1398
1950,220,1426,234,1426
1951,1372,1010,1392,1015
1952,1506,966,1516,968
1953,2657,1316,2668,1317
1954,462,1056,473,1053
1955,2711,1459,2723,1458
1956,1507,1040,1521,1036
1957,1372,1052,1387,1054
1958,150,1329,162,1331
1959,1300,996,1313,994
1960,1840,786,1850,785
1961,1546,1053,1557,1057
1962,1379,1216,1392,1211
1963,1376,1444,1388,1441
1964,2245,770,2255,770
1965,1284,1387,1300,1387
1966,2174,859,2184,868
1967,1509,1074,1524,1069
1968,2408,766,2420,764
1969,1374,1080,1391,1075
1970,64,1475,76,1476
1971,37,1066,48,1065
1972,182,973,196,971
1973,2618,1444,2630,1444
1974,1444,1464,1454,1463
1975,1096,948,1108,946
1976,25,1063,36,1067
1977,2154,1219,2171,1210
1978,1504,1105,1525,1105
1979,1518,1356,1531,1357
1980,2608,1399,2618,1399
1981,1452,1475,1500,1471
1982,1374,1081,1395,1085
1983,49,1373,61,1368
1984,372,1035,382,1053
1985,2914,795,2924,795
1986,1364,873,1378,873
1987,1506,991,1516,990
1988,1374,1471,1385,1469
1989,1515,1276,1533,1272
1990,1517,1344,1534,1341
1991,1538,1064,1555,1060
1992,302,1450,313,1450
1993,223,1424,240,1426
1994,1376,1138,1392,1133
1995,2097,1062,2111,1068
1996,1365,833,1376,833
1997,1364,877,1378,879
1998,1299,1368,1309,1368
1999,1508,1071,1524,1067
2000,1376,1146,1395,1139
2001,1280,1380,1302,1381
2002,1102,945,1110,956
2003,1219,1354,1229,1354
2004,889,1039,901,1037
2005,1310,1412,1323,1412
2006,44,1366,56,1363
2007,1504,1104,1522,1104
2008,1820,764,1836,762
2009,2790,996,2808,996
2010,1276,1371,1307,1373
2011,1379,1176,1392,1171
2012,1377,1097,1394,1099
2013,1325,861,1336,849
2014,1576,1074,1590,1078
2015,1377,1120,1388,1123
2016,237,1250,247,1252
2017,1372,1027,1385,1026
2018,1287,1392,1297,1390
2019,1164,981,1175,982
2020,2978,877,2989,872
2021,1374,1079,1393,1078
2022,1512,1143,1522,1145
2023,886,1057,914,1055
2024,637,1014,647,1012
2025,1515,1285,1532,1285
2026,1510,1168,1527,1162
2027,988,1233,1000,1236
2028,1539,1060,1549,1062
2029,1511,1183,1530,1191
2030,22,887,33,887
2031,1352,940,1377,937
2032,1363,853,1373,853
2033,1506,971,1516,969
2034,1449,1477,1460,1469
2035,1021,869,1031,869
2036,1374,1020,1386,1023
2037,1016,1119,1026,1120
2038,1512,1124,1526,1121
2039,1508,1022,1519,1021
2040,885,1042,894,1058
2041,1391,738,1393,802
2042,1378,1090,1391,1093
2043,948,1128,949,1143
2044,1511,1155,1525,1150
2045,2239,853,2249,854
2046,279,1084,291,1085
2047,1278,1327,1299,1333
2048,2927,1467,2937,1466
2049,1304,1448,1316,1448
2050,1380,1219,1391,1220
2051,226,1428,226,1438
2052,1278,1304,1293,1310
2053,2722,1054,2741,1046
2054,1377,1137,1387,1139
2055,1511,1145,1528,1139
2056,2202,795,2213,796
2057,1303,1454,1317,1454
2058,1379,1156,1393,1162
2059,296,861,306,861
2060,815,1436,815,1446
2061,1974,813,1986,813
2062,1022,811,1033,811
2063,2194,1426,2204,1425
2064,1287,1482,1303,1479
2065,1332,899,1344,899
2066,622,1123,635,1123
2067,2888,785,2900,785
2068,1272,1306,1293,1314
2069,1431,1480,1441,1480
2070,1512,1191,1530,1192
2071,2761,1119,2778,1115
2072,1894,1409,1905,1408
2073,1313,831,1325,830
2074,1517,1352,1529,1355
2075,1270,1316,1280,1316
2076,363,1412,373,1413
2077,1516,1241,1531,1243
2078,617,930,630,929
2079,2333,984,2348,980
2080,1507,1031,1518,1034
2081,96,1467,108,1468
2082,1698,751,1715,751
2083,2972,763,2982,762
2084,1517,1379,1530,1380
2085,157,1331,175,1325
2086,1997,757,2009,766
2087,1517,1269,1533,1271
2088,597,940,608,939
2089,1277,1355,1288,1359
2090,2218,743,2231,743
2091,2819,816,2831,816
2092,106,1394,120,1395
2093,1507,1041,1521,1040
2094,1383,1197,1394,1194
2095,1508,1075,1521,1071
2096,1507,1004,1517,1005
2097,1517,1345,1546,1345
2098,1511,1212,1524,1207
2099,2235,861,2247,859
2100,1370,985,1383,986
2101,2274,747,2284,747
2102,1378,1263,1391,1263
2103,2501,1369,2511,1368
2104,1378,1166,1394,1169
2105,255,1169,263,1159
2106,2829,1488,2839,1488
2107,222,1424,223,1436
2108,646,856,657,857
2109,1381,1102,1395,1100
2110,2905,852,2919,849
2111,1518,1437,1529,1430
2112,1379,1214,1391,1210
2113,1507,1011,1517,1010
2114,836,852,848,852
2115,2842,811,2852,811
2116,1364,917,1376,916
2117,1377,1098,1387,1099
2118,1273,1334,1295,1338
2119,240,1089,251,1089
2120,1726,760,1736,760
2121,349,829,356,840
2122,1379,1208,1391,1204
2123,214,1049,228,1050
2124,2918,837,2929,837
2125,930,996,943,994
2126,2194,762,2205,762
2127,1376,1075,1386,1079
2128,121,886,135,885
2129,1427,1476,1440,1473
2130,1380,1224,1391,1228
2131,250,912,260,909
2132,1372,1026,1390,1031
2133,1888,1403,1898,1401
2134,1480,839,1492,839
2135,1277,1375,1302,1380
2136,1382,1287,1392,1287
2137,293,1067,307,1081
2138,2929,978,2939,978
2139,1512,1204,1527,1205
2140,1509,1081,1523,1084
2141,1506,930,1516,929
2142,1910,749,1938,746
2143,1517,1331,1530,1334
2144,1514,1243,1531,1251
2145,1511,1161,1528,1167
2146,1210,1243,1213,1229
2147,1427,1469,1438,1468
2148,2971,771,2984,770
2149,2334,738,2345,738
2150,1362,856,1372,856
2151,2278,793,2288,792
2152,123,884,136,886
2153,941,1065,952,1065
2154,1377,1123,1388,1124
2155,1505,980,1518,981
2156,1376,1437,1389,1436
2157,1480,1476,1501,1474
2158,2415,1288,2429,1287
2159,1377,1202,1391,1203
2160,2718,1352,2731,1351
2161,1512,1130,1524,1125
2162,1096,961,1113,959
2163,284,1010,295,1009
2164,2818,817,2829,817
2165,1374,1018,1385,1021
2166,886,1048,908,1059
2167,1369,969,1384,971
2168,2209,858,2219,858
2169,964,1423,974,1425
2170,1378,1413,1389,1412
2171,1378,1127,1388,1125
2172,2845,822,2857,822
2173,1376,1442,1386,1442
2174,1378,1410,1388,1408
2175,2747,1069,2758,1062
2176,2227,802,2240,800
2177,1393,782,1396,800
2178,1517,1350,1527,1346
2179,2637,922,2652,924
2180,1378,1380,1388,1380
2181,890,1058,903,1055
2182,446,1467,456,1467
2183,1378,1207,1388,1208
2184,2196,867,2208,867
2185,1352,936,1371,932
2186,1256,954,1267,952
2187,1507,1016,1524,1014
2188,1508,1053,1522,1061
2189,1518,1202,1530,1195
2190,224,1438,234,1438
2191,1920,840,1930,840
2192,1219,1141,1235,1137
2193,1372,1025,1393,1025
2194,1260,1061,1272,1063
2195,1510,1207,1529,1201
2196,1967,774,1979,775
2197,1511,1113,1526,1113
2198,1505,977,1516,977
2199,1508,1062,1524,1066
2200,1507,1000,1517,999
2201,1461,1472,1483,1469
2202,2333,983,2345,983
2203,1372,1015,1385,1019
2204,2872,1347,2883,1346
2205,1365,845,1378,844
2206,1296,1167,1308,1168
2207,2128,745,2138,745
2208,1379,1231,1391,1233
2209,1511,1173,1526,1168
2210,1286,1390,1308,1395
2211,2968,869,2981,869
2212,1521,1454,1536,1455
2213,1506,981,1518,980
2214,1377,1026,1390,1030
2215,1523,1276,1533,1276
2216,1437,1473,1450,1475
2217,1273,1321,1292,1315
2218,1372,1045,1387,1047
2219,1428,836,1441,836
2220,1515,1102,1525,1102
2221,1370,998,1388,995
2222,1378,1135,1392,1137
2223,782,1234,794,1236
2224,1297,1415,1310,1415
2225,1383,1295,1396,1295
2226,1382,1285,1392,1284
2227,1380,1145,1391,1142
2228,1284,1395,1295,1393
2229,1511,1114,1526,1117
2230,2732,1312,2742,1310
2231,1507,1002,1517,1003
2232,1299,903,1310,901
2233,1374,1078,1385,1080
2234,349,832,361,848
2235,1517,1355,1529,1356
2236,1517,1342,1534,1338
2237,1511,987,1524,986
2238,598,941,609,940
2239,1381,1252,1394,1253
2240,1363,734,1373,735
2241,1376,1119,1386,1121
2242,1376,1114,1387,1111
2243,2141,747,2151,747
2244,1378,1206,1388,1207
2245,1922,829,1932,829
2246,1351,938,1361,937
2247,1019,815,1029,815
2248,1294,1086,1310,1086
2249,597,1410,607,1410
2250,2440,981,2451,975
2251,1508,1024,1518,1027
2252,1374,1011,1385,1014
2253,1512,1139,1528,1140
2254,1523,1458,1535,1458
2255,1977,773,1989,774
2256,1290,1354,1304,1354
2257,1276,1344,1288,1345
2258,1511,1166,1527,1160
2259,1506,983,1518,983
2260,2792,998,2803,993
2261,1372,1011,1387,1009
2262,1381,1264,1392,1267
2263,2889,784,2900,784
2264,1279,1424,1290,1423
2265,1380,1194,1390,1196
2266,2660,1150,2674,1141
2267,2720,1350,2730,1349
2268,1698,761,1709,761
2269,1366,896,1378,896
2270,1372,1009,1388,1007
2271,1507,1019,1517,1022
2272,1271,1310,1293,1309
2273,1518,1167,1528,1168
2274,1507,1033,1521,1032
2275,1277,1349,1297,1350
2276,1512,1140,1526,1134
2277,1377,1064,1391,1067
2278,1516,1295,1533,1297
2279,1373,1050,1385,1049
2280,1275,1369,1285,1370
2281,1516,1341,1534,1340
2282,1516,1255,1527,1252
2283,1517,1339,1530,1338
2284,1508,1020,1519,1019
2285,1512,1136,1527,1139
2286,1512,1120,1526,1120
2287,390,1456,400,1458
2288,1521,1325,1534,1325
2289,1373,1145,1388,1146
2290,824,896,838,893
2291,2370,836,2380,836
2292,77,915,87,913
2293,1509,1088,1523,1086
2294,424,1095,434,1094
2295,1911,1251,1922,1254
2296,1765,962,1778,964
2297,1508,1052,1524,1057
2298,1371,991,1383,988
2299,1517,1249,1530,1242
2300,1506,993,1516,992
2301,1364,875,1382,874
2302,1380,1196,1390,1197
2303,184,884,194,884
2304,1510,1092,1523,1089
2305,1174,900,1184,899
2306,1905,1381,1917,1379
2307,1279,1331,1294,1335
2308,1370,1430,1389,1430
2309,1515,1286,1525,1287
2310,1364,916,1376,915
2311,31,1048,46,1047
2312,1272,1319,1282,1320
2313,1545,1078,1557,1080
2314,1514,1162,1527,1158
2315,1083,955,1110,951
2316,2001,1175,2003,1164
2317,1474,837,1488,836
2318,2414,1289,2424,1288
2319,1276,1346,1292,1346
2320,86,852,96,852
2321,1433,833,1448,833
2322,2215,754,2234,753
2323,1368,837,1380,836
2324,2151,742,2162,742
2325,2670,1143,2680,1136
2326,93,1435,106,1435
2327,1511,1154,1524,1158
2328,2188,772,2202,772
2329,1379,1215,1391,1211
2330,336,1258,351,1261
2331,1374,943,1384,942
2332,1534,1344,1547,1344
2333,1273,1320,1285,1323
2334,552,1290,562,1291
2335,1360,1475,1383,1472
2336,1374,1062,1384,1062
2337,1507,1471,1527,1468
2338,1551,1082,1562,1080
2339,1505,979,1516,979
2340,1380,1245,1390,1242
2341,1512,1135,1527,1138
2342,1521,1319,1535,1321
2343,1512,1189,1528,1191
2344,1377,1147,1387,1149
2345,1522,1316,1535,1318
2346,1506,996,1517,996
2347,310,1268,321,1270
2348,1511,1210,1531,1212
2349,1511,1157,1524,1160
2350,1283,1375,1305,1376
2351,1517,1266,1533,1268
2352,645,854,657,856
2353,1921,862,1931,861
2354,2162,771,2174,770
2355,1513,1240,1531,1238
2356,1277,1354,1290,1358
2357,1505,1006,1515,1006
2358,1377,1100,1388,1100
2359,1505,976,1516,976
2360,1369,972,1381,972
2361,1517,1262,1533,1257
2362,1514,1124,1527,1126
2363,1382,1246,1402,1250
2364,1282,1342,1292,1343
2365,1361,943,1384,940
2366,1208,1338,1218,1341
2367,1511,1197,1527,1199
2368,1521,1320,1535,1322
2369,1517,1267,1533,1269
2370,2197,866,2209,866
2371,1513,1158,1527,1161
2372,619,961,633,961
2373,2368,1346,2381,1344
2374,2451,1300,2462,1302
2375,1512,1141,1525,1143
2376,1535,1058,1548,1061
2377,1516,1299,1527,1292
2378,1515,1209,1531,1210
2379,1516,1243,1530,1239
2380,1276,1333,1295,1337
2381,1509,1086,1524,1081
2382,2618,1446,2630,1446
2383,180,974,191,973
2384,1327,890,1348,889
2385,1315,921,1318,911
2386,1288,1320,1299,1324
2387,71,1475,81,1476
2388,1381,1229,1391,1229
2389,2233,759,2244,759
2390,1384,1188,1398,1189
2391,2382,1340,2392,1339
2392,1384,1322,1385,1334
2393,1307,1453,1320,1451
2394,1271,1311,1281,1314
2395,1363,741,1373,731
2396,397,834,407,838
2397,1511,1195,1530,1197
2398,1319,1032,1328,1016
2399,1521,1321,1534,1323
2400,1278,1377,1303,1378
2401,1518,1383,1530,1382
2402,1299,904,1313,901
2403,1382,1097,1392,1097
2404,1306,926,1318,924
2405,1512,1436,1527,1434
2406,1516,1310,1533,1311
2407,65,1378,88,1378
2408,1517,1405,1529,1406
2409,1289,1318,1301,1322
2410,2963,836,2973,833
2411,1509,1080,1519,1082
2412,527,1482,537,1484
2413,1352,933,1366,934
2414,1380,1222,1390,1224
2415,1512,1129,1527,1132
2416,1511,1226,1528,1226
2417,1519,1412,1532,1409
2418,1518,1199,1529,1200
2419,1280,1336,1296,1331
2420,1372,1443,1382,1443
2421,1376,1070,1389,1073
2422,1282,1378,1297,1377
2423,1384,1302,1395,1308
2424,1539,1109,1549,1109
2425,1514,1254,1532,1249
2426,1372,1042,1389,1044
2427,1325,1333,1344,1317
2428,1379,1204,1391,1200
2429,1361,957,1376,956
2430,1763,945,1773,946
2431,1379,1084,1390,1076
2432,1526,1266,1543,1275
2433,2334,1258,2342,1268
2434,1306,921,1319,919
2435,57,1380,68,1381
2436,1511,1149,1525,1151
2437,2868,1222,2884,1219
2438,2919,831,2932,824
2439,1380,1247,1390,1246
2440,1372,1450,1388,1449
2441,1370,976,1386,970
2442,103,1393,120,1394
2443,1373,1039,1387,1041
2444,2105,767,2116,766
2445,623,959,634,960
2446,1964,748,1975,747
2447,2118,1061,2128,1058
2448,1373,1041,1387,1040
2449,1311,1428,1324,1426
2450,177,1313,188,1315
2451,1372,1051,1383,1050
2452,2278,792,2288,791
2453,2488,1105,2498,1102
2454,1521,1326,1534,1330
2455,1522,1315,1535,1317
2456,1518,1424,1528,1424
2457,1513,1095,1523,1096
2458,1518,1200,1530,1202
2459,1374,1028,1386,1032
2460,1511,1167,1526,1171
2461,1515,1271,1528,1272
2462,1551,1236,1562,1237
2463,1210,1360,1228,1359
2464,1385,1185,1402,1186
2465,1540,1108,1551,1108
2466,1289,1320,1300,1323
2467,1378,1164,1390,1166
2468,442,1459,452,1460
2469,1298,1407,1309,1407
2470,145,935,157,933
2471,1524,1306,1534,1309
2472,1516,1329,1534,1329
2473,370,981,380,983
2474,1386,1248,1396,1252
2475,2751,750,2764,748
2476,2975,818,2986,818
2477,2369,835,2379,835
2478,1507,1003,1517,1001
2479,1515,1272,1526,1273
2480,2194,757,2207,757
2481,1377,1110,1388,1107
2482,1523,1278,1533,1278
2483,1423,1473,1434,1476
2484,1282,946,1293,945
2485,1506,931,1516,931
2486,540,1400,550,1402
2487,1284,1322,1295,1324
2488,1512,1126,1527,1129
2489,1519,1338,1542,1332
2490,678,1303,686,1316
2491,2730,1038,2740,1038
2492,1362,956,1376,957
2493,1380,1074,1390,1074
2494,1511,1182,1529,1184
2495,1516,1311,1531,1314
2496,1277,1339,1293,1339
2497,533,1295,543,1297
2498,2616,744,2628,742
2499,177,1223,195,1227
2500,1371,1070,1385,1073
2501,1453,1470,1465,1468
2502,1508,1058,1524,1063
2503,1521,1322,1534,1324
2504,1525,1328,1536,1332
2505,858,910,869,915
2506,1301,926,1317,920
2507,1341,763,1352,752
2508,1288,1317,1301,1321
2509,1381,1081,1393,1080
2510,2088,775,2103,774
2511,1384,1157,1395,1159
2512,1384,1303,1396,1299
2513,1510,1107,1522,1107
2514,1373,1058,1383,1059
2515,1370,819,1380,819
2516,1288,1335,1299,1334
2517,1508,1034,1521,1034
2518,2739,994,2750,992
2519,1374,1180,1385,1181
2520,1511,1106,1521,1112
2521,1373,1449,1388,1446
2522,1380,1210,1392,1212
2523,1281,1381,1300,1382
2524,1284,1341,1295,1341
2525,2574,994,2587,994
2526,1292,1074,1303,1072
2527,1510,1169,1526,1172
2528,1517,1278,1531,1280
2529,1307,922,1318,920
2530,1370,996,1383,994
2531,1515,1303,1529,1303
2532,1518,1277,1533,1277
2533,1520,1382,1530,1381
2534,1516,1256,1526,1253
